214,212,239
214,212,239
214,211,239
214,212,239
214,212,239
215,211,239
214,211,239
214,211,239
214,212,239
214,211,239
214,211,239
214,212,238
214,211,239
214,211,239
214,211,239
214,212,239
214,211,239
214,212,239
215,211,239
214,212,239
214,212,239
214,211,239
214,211,239
214,211,239
214,212,239
214,211,239
214,211,239
214,212,239
214,212,239
214,212,239
214,212,239
215,211,239
214,211,239
214,212,239
214,212,238
214,212,239
214,211,239
214,212,239
214,211,239
214,212,239
213,211,239
213,211,239
214,212,239
214,212,239
214,211,239
214,211,239
214,212,239
215,212,239
214,211,239
214,212,239
214,212,239
214,211,239
215,211,239
214,211,239
214,212,239
214,211,239
214,211,239
214,211,239
214,211,239
214,212,239
214,212,239
214,212,239
214,211,239
214,211,239
214,211,239
214,211,239
214,211,239
214,211,239
214,211,239
214,211,239
214,211,239
214,212,239
214,211,239
214,211,239
214,212,239
214,212,239
214,211,239
214,211,239
214,212,239
214,211,239
214,211,239
214,211,239
214,212,239
214,211,239
233,205,226
192,238,216
232,186,254
214,217,244
214,211,237
214,212,239
214,211,239
214,211,239
214,211,239
214,212,239
214,212,239
214,211,239
214,211,239
214,211,239
214,211,239
214,211,239
214,211,239
214,211,239
214,211,239
214,211,239
214,211,239
214,212,239
214,211,239
215,211,239
214,211,239
214,211,239
214,211,239
214,211,239
214,211,239
214,211,239
214,211,239
214,212,239
214,212,239
214,212,239
214,212,239
214,212,239
214,212,239
214,212,239
214,211,239
214,211,239
214,212,239
214,212,239
214,211,239
214,211,239
214,212,239
214,212,239
214,211,239
214,211,239
214,211,239
214,211,239
214,211,239
214,212,239
214,212,239
214,211,239
214,211,239
214,211,239
214,212,239
214,211,239
214,211,239
214,211,239
214,211,239
214,211,239
214,212,239
219,209,231
227,215,220
244,222,255
216,212,240
220,196,223
214,207,241
220,216,233
234,201,221
211,207,233
206,209,246
214,212,245
210,216,216
216,213,246
212,214,236
204,211,229
212,212,238
224,218,236
223,218,245
215,210,247
215,212,236
215,212,240
212,214,241
217,212,230
209,208,229
211,220,237
210,209,225
216,210,248
214,209,238
216,208,246
214,210,240
215,208,233
213,215,233
216,212,248
215,215,239
214,212,238
214,212,239
214,211,239
214,211,239
214,212,239
214,211,239
214,211,239
214,211,239
214,211,239
214,211,238
214,212,239
214,211,239
214,212,239
214,212,239
214,211,239
214,212,239
214,211,239
214,211,239
214,211,239
213,213,241
208,208,236
226,217,233
225,213,249
217,219,237
216,227,221
207,219,255
217,235,220
217,241,199
212,236,199
216,240,202
212,235,204
210,232,205
219,233,192
224,233,178
226,232,196
226,237,200
221,229,195
217,233,201
218,235,198
211,236,200
208,236,216
212,237,212
212,232,221
211,224,235
216,207,255
224,224,227
198,207,255
214,213,233
206,213,243
218,213,238
214,211,239
214,211,238
214,211,238
214,211,239
214,211,239
214,211,239
214,212,239
214,212,239
214,211,239
214,211,239
214,211,239
214,211,238
214,211,239
214,211,239
214,211,239
214,211,239
214,211,239
214,211,239
214,211,239
214,211,239
214,211,239
215,211,239
214,211,239
214,211,239
214,211,239
214,211,239
214,212,239
214,212,239
214,211,239
214,211,239
214,211,239
214,211,239
214,211,239
214,211,239
214,212,239
215,211,239
214,212,239
214,211,238
214,211,239
214,211,239
214,211,239
215,211,239
214,211,239
214,211,239
214,212,239
193,219,237
216,211,245
221,215,241
229,213,239
217,206,252
229,244,214
207,223,255
207,236,204
216,232,231
210,239,217
199,230,208
208,236,197
208,239,201
205,235,209
203,237,201
207,237,215
201,234,226
196,226,218
207,229,235
212,230,230
216,228,231
222,212,251
222,215,232
229,212,237
218,199,235
227,199,234
226,196,229
227,195,231
222,197,227
234,198,236
223,207,234
223,210,233
224,207,236
224,215,237
215,213,215
226,202,247
229,196,233
226,196,222
213,187,212
211,186,215
216,181,201
217,189,197
208,187,201
217,196,200
204,191,194
211,190,189
191,204,190
187,206,176
182,201,199
187,203,215
189,204,211
187,202,191
191,200,188
192,199,209
200,195,242
214,206,233
222,214,235
218,219,241
224,213,242
224,207,251
206,142,202
217,212,246
214,211,229
211,211,244
212,214,238
214,212,239
214,212,239
214,212,239
214,212,239
214,211,239
214,212,239
214,211,239
214,211,239
214,211,239
214,212,239
214,212,239
214,212,239
214,212,239
214,212,239
214,211,239
214,212,239
214,211,239
214,211,239
214,211,239
214,211,239
214,211,239
214,211,239
214,212,239
214,212,239
214,212,239
214,211,239
214,212,238
214,212,239
214,211,239
214,211,239
214,211,239
214,212,239
214,211,239
214,211,239
214,211,239
214,212,239
214,211,239
